1.213273205069999999e-01
4.438555802829999841e-01
-1.120869540400000058e-01
-6.975316216209999365e-02
-7.681562900720000087e-02
-1.193571344369999954e-01
5.838035326330000274e-02
3.191938508859999690e-02
5.431560138129999660e-02
-4.447433065510000144e-02
4.605350047620000026e-02
-4.907495096109999733e-02
-6.030736328809999797e-02
2.836737306390000116e-02
-6.263811673520000567e-02
-2.169602205710000065e-02
9.395148794729999558e-03
-6.863001581239999704e-02
5.100021288010000292e-02
-3.331515940219999944e-02
-8.229176917550000761e-03
-4.028735296350000050e-02
-5.197479098570000067e-02
-1.705112507640000122e-02
1.810486632700000070e-02
-4.901013000380000095e-02
4.233662998119999687e-02
1.392874584250000105e-04
3.758684578209999828e-04
1.689981981680000053e-04
-5.727620292570000105e-02
-2.028570035769999835e-02
1.259186894820000027e-02
2.210768066490000072e-02
-3.345843711020000250e-02
2.178352917460000052e-02
2.373710800329999898e-02
-1.047555943969999924e-02
-5.820691098500000056e-03
2.546395486160000013e-02
1.269636455770000068e-02
2.249128692839999846e-02
-3.289505103990000151e-02
-1.493664288819999963e-02
-2.986837794450000055e-02
-1.396382616240000006e-02
-4.748557914219999655e-03
-3.977432214420000001e-02
-1.930946557790000004e-02
-1.465499620109999949e-02
1.465328217360000081e-02
-3.203205165519999731e-02
6.322201597240000026e-03
-2.443652410930000074e-02
1.812745318209999998e-02
1.956075778549999991e-02
-1.407465231500000047e-03
2.722203619579999928e-02
4.709760958310000266e-03
2.699237369090000047e-02
-1.730843448140000074e-02
-1.553748575190000078e-02
-2.780775407749999997e-02
2.617253718960000156e-02
2.023705058650000083e-02
-1.669485892760000020e-02
-6.026314925110000387e-04
-1.424888767600000078e-03
7.042056046999999909e-03
4.367507894110000261e-02
3.526007410690000076e-03
-1.935450841940000027e-02
-1.863637805090000155e-02
-1.295109983380000017e-02
1.928424673690000077e-02
1.174339316849999995e-02
4.446216358380000386e-03
2.685207319420000044e-02
-1.334939000820000062e-02
-2.453748272190000093e-02
1.796141300519999914e-02
-1.259309955950000011e-02
-2.414577598279999890e-02
-1.532153773460000028e-02
-2.356465127879999941e-02
-5.216351882280000074e-03
-2.858898296959999901e-03
2.147644183030000126e-02
1.636587315560000117e-02
1.426858903270000062e-02
-1.611308183010000047e-02
-2.308775122270000091e-02
8.436821883309999961e-04
4.726610445160000238e-04
-1.291366013140000067e-02
1.098342763420000028e-02
7.205757016209999623e-03
1.864802928130000065e-02
-1.544472969820000034e-02
0.000000000000000000e+00
