-1.639394168169999999e-01
-4.873180932269999821e-01
1.340005997929999970e-01
6.575081798830000046e-02
5.043191248739999771e-02
1.677817301760000102e-01
-3.664361640330000142e-02
6.158846161719999657e-02
1.456169968740000063e-02
7.327676248860000296e-02
7.901823722759999946e-02
7.257805200900000180e-04
-1.322900393920000035e-02
-7.329926192619999614e-02
1.906475986859999892e-03
7.599833969729999361e-02
5.336269726159999574e-03
-7.466158791349999935e-02
7.244963503010000416e-02
-1.490898035589999920e-02
2.957423923990000134e-02
-3.853666019719999974e-02
-9.532802543969999196e-03
-4.295707617319999977e-02
-2.739498787570000121e-02
3.810483664670000215e-02
-5.026172251899999749e-02
3.366242933980000129e-02
2.937234044009999837e-02
2.979224496920000048e-02
2.923021122920000173e-02
3.701272113580000162e-02
3.438253483119999704e-02
-1.428566268760000056e-02
-4.385067859619999620e-03
-3.030350546109999901e-03
-3.035540422710000102e-02
1.730614631710000045e-02
-2.597087025460000087e-02
-2.868206143660000096e-02
-1.502313483829999935e-02
5.037708284490000077e-02
5.826042448009999784e-03
-3.402362568350000144e-02
4.583653538719999893e-02
5.178671632240000079e-03
-1.856623763549999917e-02
1.592650098810000081e-02
2.943590273649999978e-02
-1.009248757340000004e-02
-3.217742743509999920e-02
-1.853728853119999964e-02
4.277289191250000303e-03
2.455865731469999980e-02
-2.323834348670000133e-02
1.269349419710000086e-02
6.208770955790000488e-04
-2.967992051340000159e-02
-9.338876683290000397e-03
3.455167942359999717e-02
2.118444574890000071e-02
-1.942993626130000082e-02
-5.874586459179999796e-04
4.277984289739999980e-04
1.416692844819999976e-03
-5.304515706020000373e-04
-5.944970502679999998e-03
-3.417170680469999722e-02
9.628068569549999870e-04
-8.709726422569999925e-04
6.334730846480000465e-04
1.373925490380000023e-04
1.079174257000000033e-02
-2.683203201549999931e-02
5.165304156499999494e-04
-3.252057812109999837e-04
-1.191679320840000056e-02
-3.328370989630000110e-02
1.171345928419999932e-02
-2.809831707549999974e-02
1.034472926580000049e-03
4.286213099960000219e-04
-1.623658414259999960e-02
-2.390269665809999916e-02
7.007714371580000233e-03
-2.653647562730000048e-02
-4.314611707730000244e-04
1.946241013839999923e-03
9.935854469179999850e-05
-5.261301101710000143e-04
-2.138278156989999873e-02
-1.557973134100000025e-03
3.383240460609999935e-04
-2.307611222490000072e-02
1.472148943490000049e-02
6.891237648950000218e-03
-7.909878274720000399e-04
-2.193815958600000161e-03
1.261944422809999989e-03
0.000000000000000000e+00
