-6.818495412609999473e-01
1.665905210760000033e-01
-1.346386205179999906e-01
2.651415374139999906e-02
-1.475812257790000137e-01
-4.341383669449999758e-04
-6.781932138150000011e-02
1.182629193930000025e-03
9.177935560659999242e-03
-7.962560466180000629e-02
8.304694086939999609e-02
-1.368066832640000077e-02
-1.749955095989999890e-02
8.207501264630000237e-02
-7.613658590199999521e-02
-3.357804800599999834e-02
6.591281985119999687e-02
-5.479407754400000136e-02
-4.298202988020000115e-02
2.958635842349999906e-02
-7.474430367560000454e-02
-5.600034290939999784e-03
1.061748084510000072e-03
-2.449383850019999989e-02
1.620087227059999885e-02
2.995302796390000161e-02
-3.646213484730000121e-02
-1.766675042570000145e-02
-1.859770494220000167e-02
3.328833331369999982e-02
1.013152633760000011e-02
2.816754874950000084e-02
2.619804527020000093e-02
4.209604993319999988e-02
-2.456525591200000094e-02
3.538391966340000139e-02
2.471184502389999968e-02
-4.159835214719999992e-04
2.546316439060000020e-02
-1.773845736959999905e-02
-1.023567820119999916e-02
2.345437579209999970e-02
2.576479522320000194e-03
-4.273358170359999736e-02
-1.361115420620000009e-02
2.463716865269999917e-02
-1.815802955549999931e-02
2.000585436040000151e-02
-2.514345180000000096e-02
8.461669821330000327e-03
-2.205759852660000089e-02
-1.874943610960000048e-02
1.290777807349999945e-02
-2.270473575559999943e-02
-1.190194396580000064e-02
2.368735813090000128e-02
-2.773008499619999869e-03
-2.188778009079999851e-02
-1.137854466659999914e-03
-1.663080978189999948e-02
-1.288580050320000010e-03
-1.168041917299999935e-03
4.902689429300000068e-03
1.742864218950000016e-02
3.730294834729999849e-03
1.538634953119999904e-03
-8.529138477809999810e-04
1.361261758610000016e-04
-2.911764730670000044e-03
8.037889186469999916e-04
1.963795704679999893e-02
-5.263852958529999584e-03
-1.943523012290000046e-02
-3.561164345489999800e-03
5.749564650350000392e-04
-1.775882496449999928e-03
-8.655824656679999771e-04
-6.903611204450000151e-04
2.542710313339999889e-03
-5.410941735900000066e-04
2.186700371029999881e-02
1.741686469479999900e-03
-2.787824946060000046e-05
-2.197758054900000087e-03
1.632781002240000102e-03
-2.159215695779999940e-03
1.192726954709999974e-02
1.302593618710000054e-02
-1.528755281290000018e-02
5.190570340379999613e-03
2.416184145599999979e-03
4.769953577460000018e-04
-3.617714379569999736e-04
2.133937936340000140e-03
1.610227138530000070e-03
-2.087700478380000169e-03
-2.517688763499999899e-03
1.086768439539999992e-03
3.122802955179999809e-03
0.000000000000000000e+00
